[DR5000]
IPAddr = 10.75.216.4,10.75.216.61
Model = DR5000
OidName = .1.3.6.1.4.1.27338.5.2.1.0
OidSnr = .1.3.6.1.4.1.27338.5.5.3.3.2.0
OidMargin = .1.3.6.1.4.1.27338.5.5.3.3.3.0
OidServiceName = .1.3.6.1.4.1.27338.5.5.1.5.1.1.9.1

[RX8200]
IPAddr = 
Model = RX8200
OidName = .1.3.6.1.4.1.1773.1.3.200.1.1
OidSnr = .1.3.6.1.4.1.1773.1.3.200.4.3.3.1.6.4.0
OidMargin = .1.3.6.1.4.1.1773.1.3.200.4.3.3.1.2
OidServiceName = .1.3.6.1.4.1.1773.1.3.200.2.4.3

[TT1260]
IPAddr = 
Model = TT1260
OidName = .1.3.6.1.4.1.1773.1.3.200.1.1
OidSnr = .1.3.6.1.4.1.1773.1.3.200.4.3.3.1.4.1
OidMargin = .1.3.6.1.4.1.1773.1.3.200.4.3.3.1.2
OidServiceName = .1.3.6.1.4.1.1773.1.3.200.2.4.3

[RX1290]
IPAddr = 
Model = RX1290
OidName = .1.3.6.1.4.1.1773.1.3.200.1.1
OidSnr = .1.3.6.1.4.1.1773.1.3.200.4.3.3.1.6.4.0
OidMargin = .1.3.6.1.4.1.1773.1.3.200.4.3.3.1.2
OidServiceName = .1.3.6.1.4.1.1773.1.3.200.2.4.3