[DR5000]
IPAddr = 10.75.216.4,10.75.216.61
OidName = .1.3.6.1.4.1.27338.5.2.1.0
OidModel = DR5000
OidPower = .1.3.6.1.4.1.
OidMargin = .1.3.6.1.4.1.
OidServiceName = .1.3.6.1.4.1.27338.5.5.1.5.1.1.9.1

[RX8200]
IPAddr = 
OidName = .1.3.6.1.4.1.1773.1.3.200.1.1
OidModel = RX8200
OidPower = .1.3.6.1.4.1.1773.1.3.200.4.3.3.1.6.4.0
OidMargin = .1.3.6.1.4.1.1773.1.3.200.4.3.3.1.2
OidServiceName = .1.3.6.1.4.1.1773.1.3.200.2.4.3

[TT1260]
IPAddr = 
OidName = .1.3.6.1.4.1.1773.1.3.200.1.1
OidModel = TT1260
OidPower = .1.3.6.1.4.1.1773.1.3.200.4.3.3.1.4.1
OidMargin = .1.3.6.1.4.1.1773.1.3.200.4.3.3.1.2
OidServiceName = .1.3.6.1.4.1.1773.1.3.200.2.4.3

[RX1290]
IPAddr = 
OidName = .1.3.6.1.4.1.1773.1.3.200.1.1
OidModel = RX1290
OidPower = .1.3.6.1.4.1.1773.1.3.200.4.3.3.1.6.4.0
OidMargin = .1.3.6.1.4.1.1773.1.3.200.4.3.3.1.2
OidServiceName = .1.3.6.1.4.1.1773.1.3.200.2.4.3