[GENERAL]
CSVfile = /var/www/mosaic/status/fichier_status.csv
WinCSVfile = fichier_status.csv
SupportedModels = DR5000, DR8400, RX8200, RX1290, TT1260
CheckedInfos = Lock, Snr, Margin, ServiceName
OidIRDModel = .1.3.6.1.2.1.1.1.0

[MOSAIQUE]
IPAddress = 10.0.3.70
PortTCP = 13000
BufferSize = 1024
Room = tito

[DR5000]
OidLock = .1.3.6.1.4.1.27338.5.5.3.3.1.0
OidSnr = .1.3.6.1.4.1.27338.5.5.3.3.2.0
OidMargin = .1.3.6.1.4.1.27338.5.5.3.3.3.0
OidServiceName = .1.3.6.1.4.1.27338.5.5.1.5.1.1.9.1

[DR8400]
OidLock = .1.3.6.1.4.1.27338.2.6.1.5.1.0
OidSnr = .1.3.6.1.4.1.27338.2.6.1.5.2.0
OidMargin = .1.3.6.1.4.1.27338.2.6.1.5.3.0
OidServiceName = .1.3.6.1.4.1.27338.2.6.2.1.1.3.0

[RX8200]
OidLock = .1.3.6.1.4.1.1773.1.3.208.2.2.2.0
OidSnr = .1.3.6.1.4.1.1773.1.3.208.2.2.5.0
OidMargin = .1.3.6.1.4.1.1773.1.3.208.2.2.6.0
OidServiceName = .1.3.6.1.4.1.1773.1.3.208.4.1.1.1.6.2

[TT1260]
OidLock = .1.3.6.1.4.1.1773.1.3.200.4.1.1.0
OidSnr = .1.3.6.1.4.1.1773.1.3.200.4.3.3.1.4.7.0
OidMargin = .1.3.6.1.4.1.1773.1.3.200.4.3.3.1.4.8.0
OidServiceName = .1.3.6.1.4.1.1773.1.3.200.2.4.3.0

[RX1290]
OidLock = .1.3.6.1.4.1.1773.1.3.200.4.1.1.0
OidSnr = .1.3.6.1.4.1.1773.1.3.200.4.3.3.1.6.3.0
OidMargin = .1.3.6.1.4.1.1773.1.3.200.4.3.3.1.2.0
OidServiceName = .1.3.6.1.4.1.1773.1.3.200.2.4.3.0

[IRD]
IRD1 = 10.191.5.1
IRD2 = 10.191.2.2
IRD3 = 10.191.5.3
IRD4 = 10.191.2.4
IRD5 = 10.191.5.5
IRD6 = 10.191.2.6
IRD7 = 10.191.5.7
IRD8 = 10.191.2.8
IRD9 = 10.191.5.9
IRD10 = 10.191.4.10
IRD11 = 10.191.4.11
IRD12 = 10.191.4.12
IRD13 = 10.191.4.13
IRD14 = 10.191.10.14
IRD15 = 10.191.10.15
IRD16 = 10.191.10.16
IRD17 = 10.191.10.17
IRD18 = 10.191.5.18
IRD19 = 10.191.2.19
IRD20 = 10.191.2.20
IRD21 = 10.191.5.21
IRD22 = 10.191.5.22
IRD23 = 10.191.4.23
IRD24 = 10.191.4.24
IRD25 = 10.191.2.25
IRD26 = 10.191.4.26
IRD27 = 10.191.4.27
IRD28 = 10.191.2.28
IRD29 = 10.191.2.29
IRD30 = 10.191.2.30
IRD31 = 10.191.5.31
IRD32 = 10.191.5.32
IRD33 = 10.191.5.33
IRD34 = 10.191.5.34
IRD35 = 10.191.5.35